"log1p.DepRate..1.comps"	"log1p.DepRate..2.comps"	"log1p.DepRate..3.comps"	"log1p.DepRate..4.comps"	"log1p.DepRate..5.comps"	"log1p.DepRate..6.comps"	"log1p.DepRate..7.comps"	"log1p.DepRate..8.comps"	"log1p.DepRate..9.comps"	"log1p.DepRate..10.comps"	"log1p.DepRate..11.comps"	"log1p.DepRate..12.comps"	"log1p.DepRate..13.comps"	"log1p.DepRate..14.comps"	"log1p.DepRate..15.comps"	"log1p.DepRate..16.comps"	"log1p.DepRate..17.comps"	"log1p.DepRate..18.comps"	"log1p.DepRate..19.comps"	"log1p.DepRate..20.comps"	"log1p.DepRate..21.comps"
"D1"	0.00512553879461952	-0.00913859106454687	-0.00597209834986354	0.00188555015257927	0.00659585976381357	0.00802868800586892	0.00847306147949511	0.00562117786725197	-0.00462591807492439	-0.00640773874407235	-0.00614265407330059	-0.00447121362535283	0.00324042522459287	0.000247519734989393	0.000420782169255764	0.00826216399087938	-0.010954260285244	0.0139146181266432	-0.0128180126843986	-0.0175622887161946	-0.0664600536803538
"D2"	0.00120835104409057	0.00746975576133499	0.00680805686505489	-0.0166903556600633	-0.0623139053873922	-0.0626929867018947	-0.0704699173708645	-0.06863284778221	-0.0885984046864106	-0.086374192874466	-0.0859658452188316	-0.0948661681727233	-0.111306816719146	-0.108917408752018	-0.133430871017915	-0.115765112909319	-0.124127048983695	-0.131635261687544	-0.151017189990477	-0.142453030800536	-0.175713767444825
"D3"	0.00128288318881079	0.00530760090238516	0.0024135109886168	0.0170793383890301	0.0105336070599647	0.0145183058205091	0.0649088874455676	0.051004514225853	0.0589697753331432	0.0567314334719665	0.057318358872193	0.0563932841862874	0.0440480680178156	0.0434355907336368	0.0682296112720884	0.0578833366944611	0.0688113226863467	0.0577856836625935	0.0299291163851461	0.0381465169843493	0.0107746273387345
"D4"	0.00140460525846504	0.00162413428387507	-0.000616282887271997	-0.0121794118876664	0.0284699209360982	0.0244002637330587	0.0104110915741081	0.0193765324061402	-0.0131169233142294	-0.014609456490038	-0.0153612263210385	-0.023062905804857	-0.00101158603838406	0.00344018335159458	0.0124213032196964	-0.00109187153123441	0.010285218303824	0.00455182290014863	-0.0103811568326697	-0.00838891850974532	-0.0495413494267833
"D5"	-0.000472233140703823	-0.0216544603204793	-0.0226900337373305	-0.0160990336163725	-0.0267309606643342	-0.0291718663976967	-0.0669415945252553	-0.0642326051435451	0.0256257526401902	0.0377309724250789	0.0368994164405853	0.0410422979657049	0.0478079181265749	0.0455393065760819	0.0373492609820879	0.0132300929545179	0.0118148801687837	0.00639387150326354	-0.0110988221964246	-0.00913624697318398	-0.032621507896317
"D6"	-0.00259379052859443	0.0159363443274517	0.016279031123433	0.0236652415345133	0.0284774926269477	0.037352313004373	-0.0146629397948825	-0.010342888262678	-0.0271623983146898	-0.0426440098482529	-0.0421544099933835	-0.036256150103134	-0.0506341839494742	-0.0523107364533132	-0.046014548859817	-0.0590931511781688	-0.0767665407708214	-0.0878454367308364	-0.064684308350564	-0.0628789880764767	-0.0982068431775486
"D7"	-0.0030490753349683	0.00972057033585694	0.0109936026845782	0.0208704375994565	0.0171867298483228	0.00692895216752709	0.0203637736260368	0.00967545820692126	-0.0150059476771231	-0.0176438350865164	-0.0184794244073932	-0.0229152411575084	-0.0364492125729407	-0.0417863408081741	-0.0512785340783306	-0.0698294687837826	-0.0660065566517467	-0.0689797228846987	-0.0390649642980596	-0.0330522876554287	-0.0664684695696474
"D8"	-0.00285390789122057	-0.00516630520241811	-0.00366971219448112	-0.0217859563662353	-0.00562722616993868	-0.00178472910387031	0.0511879937956055	0.0528806560619501	0.0970818319825985	0.105937838302398	0.106518510957929	0.109734065081963	0.121487844023386	0.124354839605116	0.114493262931457	0.112813019696444	0.102702245500492	0.102788713665585	0.138072160593134	0.146451363359374	0.112659514775067
"KerFeed"	0.00234493502658611	0.0457619584008046	0.0456060610164837	0.0524962393860175	0.0488958656508677	0.0480820303298787	0.0423807835252574	0.052228144440198	0.0862573212289975	0.0832016521189498	0.0826969065805039	0.0783574980827558	0.0865436791638206	0.0841317764925584	0.0983686699050945	0.152498727481004	0.181037358882086	0.185124031730549	0.200954950198048	0.217985280006303	0.2059622282545
"KerTemp"	-0.000509163372726626	0.0117401112314555	0.00883211011268289	0.031581393040139	0.0520718402596728	0.0537146974254177	0.0611223523190039	0.0589456860530845	0.0605229999058559	0.0561209098438825	0.0562496311055629	0.0505081786964891	0.0560762211126296	0.0571120279716434	0.00706345921830934	0.0254226340405974	0.00430232120393684	0.00812837199183728	0.00452970327811675	0.0051508090882759	0.00740178876940866
"WaterLev"	-0.00531263614457919	0.0140422160786849	0.0157663216520362	0.0164606908524091	0.027844916526009	0.0286167820586705	0.0266593316642291	0.0289640280326328	0.01753717297816	0.0270469802735411	0.0277220324514811	0.0438327348987237	0.0344339937836333	0.0344077191414409	0.017012319282492	0.0178468432507449	0.0718483812638472	0.073605067233657	0.0336151580523696	0.0338040700004794	0.0269476161068201
"BrineLev"	0.00533923274823157	-0.00859161825552075	-0.00603756103288965	-0.00423067943736987	0.00737731550776177	0.0076070648069088	0.0108453092216656	0.00609875353857684	-0.0019570548416904	-0.000796555136428626	-0.000855091144184405	0.00626418681835784	0.0243710039389337	0.0212910668125486	0.00774638424597992	0.0281737117382507	0.0314853488589141	-0.00329113888451362	-0.00562024415627648	-0.00580036104847566	-0.000371115291756534
"WaterpH"	0.000998573775157371	0.0187590129256548	0.0187536006844376	0.00620877225310592	0.00325664927300701	0.00623241853338284	-0.00691991846600856	-0.0311862032861652	-0.0187287136600216	-0.0364628530252223	-0.0387278313175631	-0.0291610688783448	-0.0190902402250994	-0.0149101363566082	-0.0215139033904247	-0.0210724509182106	-0.00763423162855463	-0.00165179037145659	0.000803299729990665	-0.0028242448401499	-0.00340184629841896
"WCBootLev"	-0.00146525619630738	0.00236180686294986	0.00212434837666033	-0.00650637409240817	0.0105035921177588	0.00937274022649581	-0.0311042015113555	-0.0538499654025418	-0.0417759829152189	-0.0249651362464563	-0.0228342239400571	-0.0369565325054543	-0.0301620379027045	-0.0314211218976323	-0.0237633335004192	-0.00583780842772224	-0.00366036498617803	-0.00236407109265982	0.00166599023784832	0.000233156952979303	0.000762968044258559
"ECPdP"	-0.00383033160553914	0.0238328403277887	0.0246501033287886	0.0365000214418442	0.0242344030753026	0.0206401047915325	0.0200434028371301	0.0178777543439187	0.0063868050676701	0.0223872339266501	0.0221009424155861	0.0345209823106708	0.0576008244885445	0.0634739697754058	0.0805443097582372	0.0982244768140543	0.0513085389837507	0.045358308492547	0.0292412603010892	0.0285657724606778	0.0243802344226312
"ECPLev"	0.00273183133320179	0.0100701519544196	0.00825167766527141	-0.00174346251313614	0.0178268122168236	0.0193216043947159	0.0183426246929995	0.0172851977979476	0.00316526231144895	0.0356831846685629	0.0343355327040119	0.0472008140917621	0.00843288371234797	0.00463597044811143	0.00617857218988144	0.018325397628406	0.00088644344035153	0.00377401337924821	0.0106943592107505	0.0106390540390658	0.010960113277621
"ReactorIP"	0.00363197540483588	0.051984340654631	0.0517439977118038	0.0506846908080683	0.0429743875638458	0.0423324672886936	0.0527936291223041	0.0563630555768901	0.0717373323688772	0.0780777438018238	0.0787249197573981	0.0765346831437898	0.0802726134577882	0.0800815709548368	0.0759913663355272	0.0552685753216949	0.0619922768801794	0.0588310343726533	0.0678980308916639	0.0243185485948666	0.0150659124598072
"ReactordP"	0.00307550750355272	0.00815180272804331	0.00824133345599942	0.00480909759714588	0.0219900421091829	0.0145603549591662	0.0102249388118395	0.00991335523335302	0.0433314020386063	0.0203584175133704	0.021865148555242	0.0367967694378954	0.000522073860858778	0.00518696318221165	0.00665567918561063	0.0122841970993903	-0.00172477810548871	-0.00261966248114287	-0.00524284577945431	-0.00166970355690699	0.000509309714306628
"ReactorCauLev"	0.00122225467052675	0.00123490921743402	0.00437963214170055	0.0198535699331985	0.028063392503526	0.0301639502663141	0.0248090819689185	0.0244419381696489	0.0373680947200352	0.0499669002177737	0.0489840502865583	0.0286561245343148	-0.00472972756954849	0.00372440917085533	0.00445854954752441	-0.000175525357062057	0.00860194264437556	0.00377569317932636	0.00286161019413967	0.0034597584534183	0.00493635874051118
"ClaydP"	-0.000904398253501833	0.0406447913089096	0.0422433254014708	0.0281300060688852	0.0441407972134956	0.0450086779959725	0.0546941714292388	0.0561308129042205	0.0757943501354697	0.0668044398030917	0.0663186609984386	0.0539544422626026	0.052596942447228	0.0471894919863179	0.0473978748307496	0.0250088920050807	-0.00578850878849592	-0.00859610663142727	-0.0468838611929215	-0.0341453088269897	-0.00840482856059842
"ClayOP"	0.00566778249831186	0.0289964543774654	0.0290572908840633	0.0345266681219278	0.0255368048677132	0.02585667993258	0.0145334714367824	0.0129445949357568	-0.00324184721864165	0.0112867720584825	0.0122275260102023	0.0192510595230182	0.0355165199096746	0.0379752747268446	0.0290366485693028	-0.0158556530386465	-0.00805438511841578	-0.00207219563462554	0.0131618989068635	0.0428026579485375	0.0568175268374967
